zhaodan|[[ 0.06003767  0.25248486  0.01360719  0.02750712 -0.04010854  0.21327618
   0.01467953  0.12407195 -0.06457862  0.09539794  0.13043319 -0.05901977
  -0.00124624 -0.2624485   0.04138938 -0.04401618 -0.05287967 -0.0341574
  -0.04305918  0.04122388  0.03540905 -0.06166149  0.01159603 -0.00713063
   0.05320767 -0.10440391 -0.00258886 -0.11308405  0.06602117 -0.03717591
   0.01546901 -0.11179557 -0.03858227  0.08006803 -0.02041604 -0.04418051
   0.06291423  0.04162872  0.02000276  0.03509976  0.02796453 -0.17422652
  -0.08731733 -0.00559424 -0.08034875 -0.00878919  0.10294399 -0.04025816
  -0.2148661   0.0837084   0.06668579  0.15181448 -0.15693401  0.03021985
  -0.03059714 -0.0215943  -0.00323898 -0.12426256 -0.0448692  -0.11504696
  -0.05902826 -0.11292634  0.08836781 -0.20011818  0.07141931 -0.06583391
   0.0761704   0.0091649  -0.03835971  0.09071102 -0.01908682  0.09351158
  -0.07198267  0.02625843  0.07625102 -0.05639225 -0.01259546  0.1896988
   0.01193745  0.11697324 -0.16240583 -0.02321102  0.05945638  0.04541854
   0.04038089  0.07970551  0.00444112  0.02333798  0.11345767  0.04240743
  -0.00612455 -0.13213897 -0.08662634  0.06937157 -0.0939471  -0.17492968
   0.07327365 -0.0342862  -0.04151358 -0.03844417 -0.03223329  0.05432948
  -0.0730129   0.06556305 -0.00806918  0.06941722  0.06405459  0.13348275
  -0.00380313 -0.0391446  -0.02111054  0.10437766 -0.01968526  0.0093736
   0.09271871 -0.06769139 -0.15742956 -0.06666919  0.05920589  0.05758212
  -0.01864235  0.01815926  0.04785948  0.13625565  0.20591362 -0.00950252
   0.16209538 -0.01999764]]